Давление
mm Hg.
press




-3070 4 1 1 0 0 2 1 1 0 1 1 0 0 0 65535
Обороты двигателя
об/мин.
rpm




121 2 40 1 0 0 2 1 1 0 1 1 0 0 0 255
Положение дросселя
дискр.
tps




122 2 1 1 0 0 2 1 1 0 1 1 0 0 0 255
Нижн. полож. дросселя
unit
tps_min




-3024 1 1 1 0 0 1 1 1 0 1 1 0 0 -128 127
25
Множ. для дросселя

tps_mul




-3025 2 1 1 0 0 1 1 1 0 1 1 0 0 0 255
175
Напряжение Б.С.
Вольт
volts




125 2 1 10 0 1 2 1 1 0 0 1 0 0 0 255
Альфа

lambda




92 2 1 100 0 2 2 1 1 0 1 1 0 0 0 255
УОЗ
град КВ
angle




126 1 75 100 0 2 2 1 1 0 1 1 0 0 -128 127
Коеф. для форсунки

inj_coef




-2648 2 1 1 0 0 1 1 1 0 1 1 0 0 0 255
45
Длит. имп. впрыска
мс
inj




107 4 24 16000 0 2 2 1 1 0 1 1 0 0 0 65535
Смещение форсунок
мс.
volt_corr2
volts

volts
inj
-1471 2 256 16000 0 3 3 17 1 0 16 1 0 0 0 255
125 125 125 125 125 108 78 56 39 25 17 13 12 11 11 11 11
Осн. таблица впрыска

main_inj
rpm
tps
coolant
lambda
-2646 4 1 1000 0 2 3 33 17 0 8 16 0 1 0 65535
0 504 1008 2518 3791 4398 6000 7550 8628 9509 10905 12373 13863 15335 16466 17918 20161 23543 26977 29695 31552 33898 36112 40013 38838 39605 39309 38811 36472 32736 32530 32538 32636
120 572 1024 2417 3568 4364 6000 7261 8582 9446 10907 12333 13433 14769 15885 17520 19929 23786 26832 29566 31287 33140 35096 38090 37805 38662 38999 38140 35838 32932 32836 32934 32832
384 816 1248 2518 3568 4368 5729 7317 8215 9268 10899 11912 12939 14211 15503 17102 19991 23826 26797 29214 31232 32455 33855 36562 36871 38235 38362 37450 35120 32722 32624 32620 32526
272 824 1376 2520 3564 4364 6009 7263 8459 9390 10661 11685 13059 14174 15853 16822 20027 23717 26525 28749 30625 31516 33037 35209 36129 37314 37155 36170 34286 32382 32388 32484 32580
320 792 1264 2510 3666 4366 6007 7438 8365 9230 10489 11726 13121 14103 15647 16745 20062 23544 26157 28273 29658 30888 31995 33437 35197 36106 35686 34325 32574 31378 31372 31376 31370
760 1140 1520 2516 3562 4362 5922 7257 8123 9057 10469 11699 12947 13654 15312 17134 20159 23165 25891 27736 28812 30137 31047 31963 33275 34416 33852 31897 30156 28658 29150 29156 29152
600 1076 1552 2516 3560 4398 6052 7180 7871 8917 10411 11724 12558 13662 15199 17086 19872 22833 25271 27170 28231 29146 29937 30684 31045 31456 30464 28658 26952 26054 26056 26058 26050
872 1224 1576 2514 3562 4400 5981 6987 7862 9050 10511 11953 12660 13590 14911 16859 19693 22708 24813 26318 27388 28347 29034 29297 28972 28712 27320 25612 23976 22464 22652 22860 23568
656 896 1255 2516 3566 4403 5750 6966 8026 9133 10376 11545 12892 13524 14602 16178 18926 21885 24005 25289 26427 27120 27633 27438 26313 26398 24811 23274 21278 18876 19374 19576 20978
672 924 1293 2512 3735 4549 5876 6977 8004 9218 10137 11417 12204 12851 14571 15377 18077 20854 22864 24050 25172 25581 26071 24424 23332 23630 22014 20030 18332 16132 16632 17636 18630
584 708 1232 2518 3720 4388 5955 6897 7805 9053 10076 11176 11960 12601 13812 14835 17117 18902 20458 21557 22437 22635 22595 21474 21176 20872 19778 17572 15876 14670 15374 15976 16378
400 604 1228 2671 3481 4577 5676 6742 7335 8096 8594 10096 11035 11642 12790 13717 15324 16212 17705 18279 18912 19109 19124 18324 17820 17324 16228 14720 12922 13320 14728 15028 15028
376 500 1214 2565 3109 3763 5272 6246 6853 7435 7426 8491 9537 9868 10824 11566 12165 13602 14505 14512 14756 14868 14819 14993 14918 14718 13918 12816 11514 12128 12412 13218 13514
328 404 1180 2310 2392 3137 4624 5146 5750 5992 6346 7161 7526 7666 8242 8648 9478 10505 10841 10969 10857 11445 11612 12016 12140 12152 11464 10772 11989 12588 12596 12796 12796
160 544 1053 1992 2565 3089 3375 4274 4295 4509 4911 5635 5713 6138 5785 6126 5877 6541 7634 7674 8580 8848 9102 9620 9448 9616 9584 9532 11180 11460 11540 11460 11480
764 936 1175 1791 1882 2452 2621 2796 2982 3102 3521 3424 3537 3742 3748 3385 3683 4370 4993 5181 6004 6556 7048 7456 8364 8880 9196 9136 9876 9956 9936 9968 10000
611 875 1071 1306 1350 991 579 418 574 589 1118 1114 904 504 578 671 656 728 2348 2947 3386 4806 5048 6008 6968 7932 8096 8180 8264 8500 8736 8724 8712
Таблица коеф. L

la_inj
rpm
tps
main_inj
lambda
-577 2 1 128 0 2 5 33 17 0 8 16 0 1 0 255
128 128 128 128 128 128 128 128 128 128 128 128 128 128 128 128 128 128 128 128 128 128 128 128 128 128 128 128 128 128 128 128 128
128 128 128 128 128 128 128 128 128 128 128 128 128 128 128 128 128 128 128 128 128 128 128 128 128 128 128 128 128 128 128 128 128
128 128 128 128 128 128 128 128 128 128 128 128 128 128 128 128 128 128 128 128 128 128 128 128 128 128 128 128 128 128 128 128 128
128 128 128 128 128 128 128 128 128 128 128 128 128 128 128 128 128 128 128 128 128 128 128 128 128 128 128 128 128 128 128 128 128
128 128 128 128 128 128 128 128 128 128 128 128 128 128 128 128 128 128 128 128 128 128 128 128 128 128 128 128 128 128 128 128 128
128 128 128 128 128 128 128 128 128 128 128 128 128 128 128 128 128 128 128 128 128 128 128 128 128 128 128 128 128 128 128 128 128
128 128 128 128 128 128 128 128 128 128 128 128 128 128 128 128 128 128 128 128 128 128 128 128 128 128 128 128 128 128 128 128 128
128 128 128 128 128 128 128 128 128 128 128 128 128 128 128 128 128 128 128 128 128 128 128 128 128 128 128 128 128 128 128 128 128
128 128 128 128 128 128 128 128 128 128 128 128 128 128 128 128 128 128 128 128 128 128 128 128 128 128 128 128 128 128 128 128 128
128 128 128 128 128 128 128 128 128 128 128 128 128 128 128 128 128 128 128 128 128 128 128 128 128 128 128 128 128 128 128 128 128
128 128 128 128 128 128 128 128 128 128 128 128 128 128 128 128 128 128 128 128 128 128 128 128 128 128 128 128 128 128 128 128 128
128 128 128 128 128 128 128 128 128 128 128 128 128 128 128 128 128 128 128 128 128 128 128 128 128 128 128 128 128 128 128 128 128
128 128 128 128 128 128 128 128 128 128 128 128 128 128 128 128 128 128 128 128 128 128 128 128 128 128 128 128 128 128 128 128 128
128 128 128 128 128 128 128 128 128 128 128 128 128 128 128 128 128 128 128 128 128 128 128 128 128 128 128 128 128 128 128 128 128
128 128 128 128 128 128 128 128 128 128 128 128 128 128 128 128 128 128 128 128 128 128 128 128 128 128 128 128 128 128 128 128 128
128 128 128 128 128 128 128 128 128 128 128 128 128 128 128 128 128 128 128 128 128 128 128 128 128 128 128 128 128 128 128 128 128
128 128 128 128 128 128 128 128 128 128 128 128 128 128 128 128 128 128 128 128 128 128 128 128 128 128 128 128 128 128 128 128 128
Осн. табл. зажигания
град КВ
main_tbl
rpm
tps
dyn_time
lambda
-2937 1 75 100 0 1 3 17 17 0 16 16 0 1 -128 127
14 15 17 18 23 25 29 31 33 38 38 39 38 39 40 42 42
14 15 19 21 23 27 30 32 35 38 40 40 40 41 41 43 44
14 15 20 21 24 27 29 32 35 37 40 42 43 43 44 45 46
14 15 21 22 25 28 31 34 37 39 42 44 45 45 45 47 47
14 15 21 22 24 28 30 33 37 40 43 46 47 47 47 47 46
14 15 20 21 24 27 29 33 37 41 44 47 49 49 49 49 48
14 15 20 21 23 26 30 34 38 42 46 48 49 50 50 50 49
14 15 19 20 23 26 30 34 39 43 47 49 50 50 51 51 50
14 15 18 20 22 24 29 35 40 45 49 51 52 52 52 52 51
14 15 17 18 20 23 29 36 42 47 50 51 52 53 53 53 52
12 14 17 17 20 24 30 37 44 49 51 53 55 55 55 55 54
11 13 15 19 23 27 32 37 46 51 52 55 56 56 56 56 55
9 13 16 21 25 29 33 39 47 52 54 57 58 58 58 58 56
9 13 16 22 27 31 35 41 49 54 56 59 60 60 60 60 59
8 17 19 23 28 32 37 42 49 54 57 59 60 60 60 60 60
8 25 27 23 28 33 37 45 51 56 59 61 62 62 62 62 61
8 27 27 27 28 35 39 48 53 57 60 62 62 62 62 62 62
Уоз по темп. возд.
грд
mat_angle
mat

mat
inj
-1137 2 75 100 -96 2 3 17 1 0 16 1 0 0 0 255
128 134 134 132 130 128 128 126 124 122 120 118 118 118 118 128 128
Время накопления МЗ.
мс
fdwell
rpm

angle
rpm
-1154 2 64 1000 0 2 3 17 1 0 16 1 0 0 0 255
243 200 170 150 71 69 69 67 66 63 62 60 55 50 43 37 32
Требуемый состав смеси

la_micst
rpm
tps
lambda
inj
-1385 2 1 100 0 2 3 9 9 0 32 32 0 1 0 255
83 90 90 92 92 92 92 92 92
83 90 91 92 92 92 92 92 92
83 89 90 91 92 92 93 93 93
83 90 91 91 92 92 93 93 93
83 89 91 91 92 93 93 93 93
93 93 93 93 93 93 93 93 93
94 94 94 94 94 94 94 94 94
96 96 96 96 96 96 96 96 96
100 100 100 100 100 100 100 100 100
Hастройка лямбда-рег.

lambda_en




-1304 2 1 1 0 0 1 1 1 0 1 1 0 0 0 255
0
Время регулятора
мс.
la_tmr




-1247 2 16 1 0 0 3 8 1 0 32 1 0 0 0 255
16 16 17 17 18 18 19 20
Максимум обогащения.

la_up




-1302 2 1 128 0 2 1 1 1 0 1 1 0 0 0 255
147
Максимум обеднения.

la_dn




-1301 2 1 128 0 2 1 1 1 0 1 1 0 0 0 255
109
Тип лямбда-зонда.

stend_en




-3066 2 1 1 0 0 1 1 1 0 1 1 0 0 0 255
0
Темп. Лямбда. Рег.
град С
lreg_t




-1264 2 192 256 -40 0 1 1 1 0 1 1 0 0 0 255
126
АЦП лямбда-зонда.
уе.
lamb_adc




118 2 1 1 0 0 2 1 1 0 1 1 0 0 0 255
АЦП ДТВ.
уе.
adchan2l




51 2 1 1 0 0 2 1 1 0 1 1 0 0 0 255
АЦП ДТОЖ.
уе.
adchan4l




53 2 1 1 0 0 2 1 1 0 1 1 0 0 0 255
Температура воздуха
град С
mat




91 2 192 256 -40 0 2 1 1 0 1 1 0 0 0 255
Температура ОЖ
град С
coolant




90 2 192 256 -40 0 2 1 1 0 1 1 0 0 0 255
Корр. по темп. возд.

mat_corr
mat

mat
inj
-1488 2 1 128 0 2 3 17 1 0 16 1 0 0 0 255
149 145 140 136 132 129 127 124 121 118 115 110 110 110 110 128 128
Корр. по темп. ОЖ

cool_corr
coolant

coolant
inj
-1505 2 1 128 0 2 3 17 1 0 16 1 0 0 0 255
248 222 201 187 171 160 148 138 128 128 128 128 173 173 173 173 178
Смещение УОЗ
град КВ
ang_add




-2938 1 75 100 0 1 1 1 1 0 1 1 0 0 -128 127
-6
Ограничение оборотов
об\мин
hi_rpm




-3029 2 40 1 0 0 1 1 1 0 1 1 0 0 0 255
213
Второе огр. оборотов
об\мин
hi_rpm1




-3028 2 40 1 0 0 1 1 1 0 1 1 0 0 0 255
101
Автостарт
об/м/с
lim_step




-3026 2 400 1 0 0 1 1 1 0 1 1 0 0 0 255
2
Добавка топл. на пуске

c_crank




-1454 4 1 1000 0 2 1 1 1 0 1 1 0 0 0 65535
3311
Коеф. добавки на пуске

cool_enr
coolant

coolant
inj
-1452 2 1 256 0 2 3 17 1 0 16 1 0 0 0 255
255 226 198 166 132 97 60 23 4 0 0 0 0 0 0 0 0
Добавка на нач. обор.

crank_enr


rpm
inj
-1435 2 1 256 0 2 3 17 1 0 16 1 0 0 0 255
165 152 134 118 102 84 66 51 37 22 9 4 0 0 0 0 0
Счетчик послепуск.

cold_start




-1523 2 1 1 0 0 2 1 1 0 1 1 0 0 0 255
Тбл. Доб. после пуск.

crank25
cold_start

rpm
inj
-1522 2 1 1 0 0 3 17 1 0 16 1 0 0 0 255
0 31 64 95 127 158 179 199 218 237 255 255 255 255 255 255 255
Добавка после пуска
%
enr_cold




-1524 2 100 255 0 0 1 1 1 0 1 1 0 0 0 255
51
Добавка при ускорении

c_fuel




-3023 4 1 1000 0 2 1 1 1 0 1 1 0 0 0 65535
16314
Чувств. дросселя

tps_sens
tps

tps
inj
-3021 2 1 1 0 0 3 17 1 0 16 1 0 0 0 255
4 4 4 5 11 19 30 39 44 51 60 63 68 72 77 82 85
Ограничение добавки

c_clamp
rpm

lambda
inj
-3004 2 1 256 0 2 3 33 1 0 8 1 0 0 0 255
2 2 2 2 2 5 16 29 70 127 174 206 226 237 244 250 250 250 247 243 235 222 204 188 161 121 86 60 60 60 60 60 60
Убывание ускорения

c_decay
rpm

inj
lambda
-2971 2 1 1 0 0 3 33 1 0 8 1 0 0 0 255
3 3 3 3 3 3 4 5 6 8 9 10 11 11 12 14 14 15 16 17 18 19 20 21 23 24 25 27 28 31 34 36 36
Колибр. датчика ТОЖ
град С
cool_tbl
adchan4l

coolant
adchan4l
-3065 2 192 256 -40 0 3 17 1 0 16 1 0 0 0 255
211 190 167 147 134 123 112 104 96 88 80 72 64 55 44 35 25
Калиб. датч. Твозд
град С
mat_tbl
adchan2l

mat
adchan2l
-3048 2 192 256 -40 0 3 17 1 0 16 1 0 0 0 255
210 189 167 147 134 122 112 104 96 88 80 72 64 55 44 35 25
Калиб. лямбда зонда

lamb_cal
lamb_adc

lambda
inj
-1418 2 1 100 0 2 3 33 1 0 8 1 0 0 0 255
130 130 130 130 130 130 130 130 130 130 130 130 130 130 120 110 104 101 100 99 98 94 88 76 65 35 14 10 10 10 10 10 10
Температура on
град С
temp_on




-3031 2 192 256 -40 0 1 1 1 0 1 1 0 0 0 255
180
Температура off
град С
temp_off




-3030 2 192 256 -40 0 1 1 1 0 1 1 0 0 0 255
176
Желаемое РХХ.
шагов.
ssm




25 2 1 1 0 0 2 1 1 0 1 1 0 0 0 255
Текущее РХХ.
шагов.
fsm




24 2 1 1 0 0 2 1 1 0 1 1 0 0 0 255
РХХ при вкл Вент.
шагов
rxx_fan




-1299 2 1 1 0 0 1 1 1 0 1 1 0 0 0 255
6
INJ при вкл Вент.

fan_fuel




-1239 2 1 1 0 0 1 1 1 0 1 1 0 0 0 255
20
РХХ Управление.
шагов
rxx_direct




-1300 2 1 1 0 0 1 1 1 0 1 1 0 0 0 255
0
РХХ  по темп. ОЖ

rxx_cool
coolant

coolant
ssm
-1298 2 1 1 0 0 3 17 1 0 16 1 0 0 0 255
127 126 120 110 100 90 80 75 70 60 60 60 80 60 60 60 60
РХХ на пуске

rxx_cran
coolant

coolant
ssm
-1281 2 1 1 0 0 3 17 1 0 16 1 0 0 0 255
140 140 120 120 120 120 120 120 120 120 110 110 110 110 100 100 100
Фаза впрыска

inj_phase
rpm

rpm

-1263 2 1 1 0 0 3 16 1 0 16 1 0 0 0 255
7 7 7 7 7 7 7 7 7 7 7 7 7 7 7 7
N2O разрешение

n2o_en




-1172 2 1 1 0 0 1 1 1 0 1 1 0 0 0 255
1
N2O смещение УОЗ
град КВ
n2o_ign
rpm

angle
lambda
-1238 2 75 100 -96 0 3 33 1 0 8 1 0 0 0 255
120 120 120 120 120 120 120 120 120 120 120 120 120 120 120 120 120 120 120 120 120 120 120 120 120 120 120 120 120 120 120 120 120
N2O топливо

n2o_inj
rpm

angle
lambda
-1205 2 1 128 0 2 3 33 1 0 8 1 0 0 0 255
128 128 128 128 128 128 128 128 128 128 128 128 128 128 128 128 128 128 128 128 128 128 128 128 128 128 128 128 128 128 128 128 128
DRAGON обороты
об\мин
dra_rpm




-1170 2 40 1 0 0 1 1 1 0 1 1 0 0 0 255
186
DRAGON обороты откл
об\мин
dra_rpm2




-1167 2 40 1 0 0 1 1 1 0 1 1 0 0 0 255
50
DRAGON период импульса
мс
dra_per




-1166 2 1 1 0 0 1 1 1 0 1 1 0 0 0 255
5
DRAGON время
сек
dra_time




-1171 2 16 1000 0 2 1 1 1 0 1 1 0 0 0 255
125
Время разгона
сек
dyn_time




-592 4 16 1000 0 2 2 1 1 0 1 1 0 0 0 65535
Старт измерителя
об\мин
dyn_start




-1169 2 40 1 0 0 1 1 1 0 1 1 0 0 0 255
75
Стоп измерителя
об\мин
dyn_stop




-1168 2 40 1 0 0 1 1 1 0 1 1 0 0 0 255
100
Пин 25 - обороты
об\мин
ext_rpm




-1165 2 40 1 0 0 1 1 1 0 1 1 0 0 0 255
100
Пин 25 - дроссель

ext_thr




-1164 2 1 1 0 0 1 1 1 0 1 1 0 0 0 255
240
ДАД начальное напр.
Вольт.
dad_u




-1163 4 5 1024 0 3 1 1 1 0 1 1 0 0 0 65535
763
ДАД начальное давл.
ммРтСт
dad_o




-1161 4 1 1 0 0 1 1 1 0 1 1 0 0 0 65535
596
ДАД наклон.

dad_m




-1159 4 1 256 0 3 1 1 1 0 1 1 0 0 0 65535
185
ВОДА Температура
град С
watf_t




-1155 2 192 256 -40 0 1 1 1 0 1 1 0 0 0 255
190
ВОДА период вкл
сек
watf_on




-1157 2 1 10 0 1 1 1 1 0 1 1 0 0 0 255
25
ВОДА период выкл
сек
watf_off




-1156 2 1 10 0 1 1 1 1 0 1 1 0 0 0 255
250
